96
V1	V2	V3	V4	V5	V6	V7	V8	V9	V10	V11	V12	V13	V14	V15	V16	V17	V18	V19	V20
1.0000
0.4920	1.0000
0.2242	0.1577	1.0000
0.2350	0.2609	0.1547	1.0000
0.0177	0.0469	0.0250	0.0925	1.0000
0.2090	0.1579	0.2259	0.1096	0.1871	1.0000
0.1627	0.0720	0.4214	0.1573	0.1897	0.4080	1.0000
-0.1483	-0.1598	-0.1784	-0.6092	0.0985	-0.0118	-0.0479	1.0000
-0.3296	-0.2308	-0.1239	-0.2886	0.1011	-0.0841	-0.0324	0.3846	1.0000
0.0222	0.1170	0.4607	0.0334	0.1909	0.1709	0.1494	-0.0694	0.0498	1.0000
0.0261	0.0181	0.4241	0.2132	0.1482	0.1647	0.3998	-0.0588	0.0413	0.3306	1.0000
0.2100	0.2851	0.3207	0.3112	0.3362	0.2780	0.3564	-0.2205	-0.1364	0.3517	0.2707	1.0000
-0.0778	-0.1039	-0.2078	-0.2966	-0.1396	-0.0485	-0.2949	0.2222	0.1506	-0.0605	-0.4484	-0.3411	1.0000
0.2079	0.1311	0.0972	0.2147	0.1247	0.1796	0.2478	-0.1301	-0.1154	0.1786	0.1456	0.3092	-0.1292	1.0000
-0.0569	-0.2528	-0.1535	-0.3343	-0.0476	-0.1233	-0.1529	0.2925	0.1991	-0.0584	-0.2667	-0.2972	0.5070	-0.2035	1.0000
0.1214	0.2027	0.1292	0.0525	0.1427	0.4402	0.1379	-0.0577	0.0023	0.2464	0.0908	0.1315	-0.1129	0.3725	-0.0492	1.0000
-0.1915	-0.1127	-0.2640	-0.0408	0.1413	0.0301	-0.2005	0.1565	0.1263	-0.0928	-0.0663	-0.1712	0.0068	-0.3781	0.1553	0.0336	1.0000
-0.1996	-0.2632	-0.0791	-0.1799	-0.0455	-0.2953	-0.0805	0.3343	0.2172	0.0165	-0.0822	-0.1682	0.0922	-0.0233	0.0241	-0.1516	0.0981	1.0000
0.2065	0.1975	0.1174	0.1186	0.2297	0.2648	0.1878	0.1212	-0.2009	0.1666	0.1159	0.1201	-0.1047	0.1652	-0.0497	0.3255	0.0566	-0.1264	1.0000
0.1370	0.2106	0.0535	0.1961	0.1177	0.3858	0.0833	-0.1892	-0.2008	0.0785	0.1608	0.2640	-0.2536	0.3673	-0.2294	0.5582	-0.0054	-0.2236	0.1099	1.0000
